balanced

15.2288
23.2829
31.3639
28.2317
25.1636
23.4996
22.7467
24.2695
22.9293
12.8471
22.9075
15.2052
23.5190
13.1197
23.5849
25.9048
23.5883
17.6398

395,0323/18

21,94623889

- - -

write_heavy

14.5658
24.5174
26.6339
29.6476
28.1667
27.3617
22.4793
26.9341
24.3192
24.7299
20.2741
29.5821
23.7336
13.8612
26.4948
25.0172
24.3005
17.2752

429,8941/18

23,88300556

- - -

7.2247
12.8565
18.0685
17.0274
19.6889
11.0825
15.5448
18.9931
21.7554
18.7756
17.6585
17.1863
15.9879
16.0459
19.1726
17.1211
17.2119
13.3195

294,7206/18

16,37336667