13.5996
23.7991
55.5577
102.5343
174.6293
178.5650
169.0966
179.7734
192.2354
199.2966
194.9723
160.0163
194.8597
165.4581
103.4900
51.1176
23.9513
14.4538

2197,4053/18

122,07807222

- - -

write_heavy

12.3344
28.2080
44.1145
110.6085
162.2199
149.7210
211.1489
229.4928
215.0131
218.4586
207.2929
184.9482
170.2655
134.5955
95.9718
57.2772
28.6413
13.0732

2273,3851/18

126,29917222

- - -

10.9547
23.5068
47.4501
75.0308
127.2317
102.9515
136.2814
130.0200
147.5737
145.1904
140.8472
144.9959
140.5770
128.2399
91.4270
44.6285
20.1926
13.0800

1670,1792/18

92,78773333